[
    {
        "V1": 0.8193410407998933,
        "V2": -1.43225869856495,
        "V3": 1.95607887989403,
        "V4": -0.258231036668674,
        "V5": -5.896119440000307,
        "V6": -1.8517553761985188,
        "V7": -4.235839415790032,
        "V8": 0.687242606474879,
        "V9": -5.7933307530985365,
        "V10": -5.316372403859759,
        "V11": 0.8110497886780909,
        "V12": 0.0830656374645626,
        "V13": -0.146626370050388,
        "V14": -1.1829519894761398,
        "V15": 0.9239604444815511,
        "V16": -4.021244409795624,
        "V17": -6.786643169835182,
        "V18": 1.2438235927231205,
        "V19": 1.42083182764595,
        "V20": 0.057345588992596355,
        "V21": -0.5485304989009268,
        "V22": 0.35635650993584,
        "V23": -0.4309598712491403,
        "V24": -0.0240018536375142,
        "V25": 0.9834488075753347,
        "V26": -0.198345344853653,
        "V27": 0.009782539172068061,
        "V28": 0.104109846031111,
        "Amount": 1.5830512496148925
    },
    {
        "V1": -1.6841065627483742,
        "V2": 0.698885000899715,
        "V3": -10.0851415819302,
        "V4": 3.0899480964181603,
        "V5": 1.05979450318793,
        "V6": -3.274736474452697,
        "V7": -1.0930959468210135,
        "V8": -0.28191611355874346,
        "V9": 5.813533604446991,
        "V10": -1.36581514177394,
        "V11": 0.488541766846198,
        "V12": -16.21846972842175,
        "V13": 0.839442365945037,
        "V14": -1.43266303301096,
        "V15": -0.113327567664964,
        "V16": -6.6455876605655515,
        "V17": -9.218178614181765,
        "V18": -4.460612735303185,
        "V19": 0.560043231991022,
        "V20": -0.003740387424139,
        "V21": 0.06608211137125,
        "V22": 0.212199763393852,
        "V23": 0.333494646289208,
        "V24": 0.3218951603717,
        "V25": -0.5382975941716359,
        "V26": 0.0233908620378539,
        "V27": 0.013928262013243545,
        "V28": 0.15285589352060108,
        "Amount": 4.99
    },
    {
        "V1": 0.6832538454079009,
        "V2": -1.68187485991481,
        "V3": 0.53334933577086,
        "V4": -0.326064340653769,
        "V5": -1.45560260160191,
        "V6": 0.101831722110939,
        "V7": -0.5205903667987639,
        "V8": 0.114036026045546,
        "V9": -0.601759616975508,
        "V10": 0.444011204590068,
        "V11": 1.52157013178839,
        "V12": 0.4992021191243189,
        "V13": -0.127848980889118,
        "V14": -0.237253049253843,
        "V15": -0.75235122116744,
        "V16": 0.667190352382783,
        "V17": 0.724785310333877,
        "V18": -1.73661452784482,
        "V19": 0.7020878391427021,
        "V20": 0.638185555288354,
        "V21": 0.116897941580908,
        "V22": -0.3046053731155769,
        "V23": -0.1255469631189419,
        "V24": 0.244847767679686,
        "V25": 0.0691630813041917,
        "V26": -0.460711620731197,
        "V27": -0.0170682293222289,
        "V28": 0.0635420639739848,
        "Amount": 315.17
    }
]